h = 1 count = 13
[-163, -67, -43, -28, -27, -19, -16, -12, -11, -8, -7, -4, -3]
h = 2 count = 29
[-427, -403, -267, -235, -232, -187, -148, -147, -123, -115, -112, -100, -99, -91, -88, -75, -72, -64, -60, -52, -51, -48, -40, -36, -35, -32, -24, -20, -15]
h = 3 count = 25
[-907, -883, -652, -643, -547, -499, -379, -331, -307, -283, -268, -243, -211, -172, -139, -124, -108, -107, -92, -83, -76, -59, -44, -31, -23]
h = 4 count = 84
[-1555, -1507, -1467, -1435, -1411, -1387, -1243, -1227, -1027, -1012, -1003, -955, -928, -795, -772, -763, -760, -723, -715, -708, -667, -627, -603, -595, -592, -568, -555, -532, -520, -507, -483, -475, -448, -435, -408, -400, -388, -387, -372, -363, -355, -352, -340, -328, -323, -315, -312, -292, -291, -288, -280, -275, -259, -256, -252, -240, -228, -220, -219, -208, -203, -196, -195, -192, -184, -180, -171, -168, -160, -156, -155, -144, -136, -132, -128, -120, -96, -84, -80, -68, -63, -56, -55, -39]
h = 5 count = 29
[-2683, -2347, -2203, -1867, -1747, -1723, -1123, -1051, -947, -787, -739, -691, -683, -619, -571, -523, -508, -443, -412, -347, -316, -227, -188, -179, -131, -127, -103, -79, -47]
h = 6 count = 101
[-4075, -3763, -3523, -3427, -3235, -2923, -2787, -2608, -2563, -2515, -2443, -2403, -2283, -2227, -1963, -1915, -1843, -1708, -1675, -1612, -1603, -1588, -1563, -1432, -1363, -1347, -1323, -1315, -1267, -1219, -1203, -1192, -1147, -1108, -1107, -1099, -1083, -1075, -1072, -1068, -1059, -1048, -988, -963, -940, -931, -891, -867, -856, -843, -835, -828, -808, -771, -748, -747, -707, -700, -688, -676, -675, -648, -628, -588, -540, -531, -515, -496, -492, -484, -472, -460, -459, -451, -436, -432, -424, -411, -396, -368, -364, -348, -339, -324, -304, -300, -247, -244, -216, -212, -207, -204, -200, -176, -175, -152, -140, -135, -116, -104, -87]
h = 7 count = 38
[-5923, -5107, -4603, -3907, -3187, -3067, -3019, -2707, -2467, -2251, -2179, -2083, -2011, -1987, -1948, -1852, -1787, -1627, -1523, -1483, -1372, -1171, -1163, -892, -859, -827, -811, -604, -587, -487, -467, -463, -343, -284, -251, -223, -151, -71]
h = 8 count = 208
[-7987, -6307, -5947, -5707, -5587, -5467, -5083, -4867, -4843, -4747, -4387, -4323, -4267, -4195, -4123, -4048, -3963, -3883, -3843, -3787, -3712, -3627, -3595, -3507, -3448, -3403, -3355, -3315, -3283, -3243, -3172, -3088, -3040, -3003, -2995, -2968, -2947, -2907, -2832, -2827, -2788, -2755, -2715, -2667, -2632, -2611, -2587, -2475, -2451, -2419, -2395, -2392, -2368, -2332, -2323, -2308, -2307, -2275, -2272, -2248, -2212, -2163, -2139, -2128, -2115, -2107, -2088, -2080, -2067, -2059, -2035, -2020, -1995, -1992, -1947, -1939, -1912, -1864, -1848, -1828, -1827, -1803, -1795, -1792, -1780, -1771, -1768, -1752, -1731, -1683, -1672, -1659, -1651, -1635, -1632, -1600, -1587, -1552, -1540, -1528, -1488, -1443, -1428, -1408, -1395, -1380, -1360, -1348, -1339, -1332, -1320, -1312, -1299, -1288, -1275, -1252, -1248, -1240, -1204, -1195, -1180, -1168, -1156, -1155, -1152, -1131, -1128, -1120, -1092, -1060, -1043, -1035, -1032, -1024, -1008, -995, -987, -979, -960, -952, -939, -915, -912, -904, -900, -880, -868, -852, -840, -832, -820, -819, -792, -784, -768, -736, -732, -720, -712, -672, -660, -651, -640, -632, -624, -616, -612, -600, -583, -580, -579, -576, -564, -552, -548, -544, -539, -528, -512, -504, -480, -468, -456, -452, -444, -420, -395, -392, -384, -380, -376, -371, -360, -336, -320, -308, -299, -295, -276, -272, -264, -260, -248, -224, -183, -164, -111, -95]
h = 9 count = 55
[-10627, -9067, -8803, -8563, -7723, -6883, -6763, -6427, -6043, -5692, -5443, -4987, -4723, -4483, -4363, -4348, -4243, -4027, -3643, -3628, -3547, -3532, -3307, -3292, -3259, -3163, -2803, -2572, -2188, -2187, -2003, -1996, -1579, -1516, -1468, -1423, -1324, -1291, -1228, -1187, -1132, -1087, -972, -844, -823, -796, -563, -556, -491, -428, -419, -367, -332, -236, -199]
h = 10 count = 123
[-13843, -10483, -10147, -9307, -8947, -8523, -8227, -7627, -7483, -7435, -7387, -7363, -7123, -6667, -6403, -6259, -6147, -6115, -5875, -5803, -5667, -5611, -5515, -5272, -5203, -5163, -5131, -4915, -4852, -4627, -4579, -4435, -4372, -4227, -4083, -3987, -3928, -3859, -3811, -3683, -3667, -3635, -3508, -3412, -3388, -3291, -3147, -3139, -3123, -3091, -3028, -2899, -2883, -2875, -2836, -2776, -2643, -2523, -2500, -2452, -2363, -2299, -2164, -2152, -2043, -2032, -1923, -1891, -1875, -1835, -1819, -1779, -1707, -1692, -1688, -1684, -1660, -1648, -1643, -1611, -1576, -1500, -1492, -1444, -1384, -1276, -1268, -1264, -1212, -1179, -1115, -1000, -968, -923, -916, -875, -872, -851, -847, -803, -788, -779, -752, -724, -699, -664, -636, -635, -611, -572, -500, -488, -476, -423, -415, -375, -344, -319, -303, -296, -159, -143, -119]
h = 11 count = 46
[-15667, -14683, -14107, -13267, -13003, -10987, -9787, -9643, -9403, -9283, -8443, -7867, -7603, -7507, -7027, -6547, -6163, -5683, -5212, -5179, -4051, -3931, -3868, -3739, -3499, -3347, -3203, -2971, -2851, -2731, -2539, -2267, -2027, -1699, -1531, -1459, -1331, -1307, -1303, -1283, -1084, -967, -668, -659, -271, -167]
h = 12 count = 379
[-19723, -17803, -16003, -15283, -15163, -14443, -13203, -12643, -12475, -12307, -11803, -11707, -11347, -11155, -11043, -10915, -10795, -10747, -10707, -10675, -10603, -10432, -10075, -10003, -9843, -9667, -9523, -9475, -9355, -9163, -9139, -9003, -8827, -8787, -8395, -8347, -8323, -8275, -8248, -8163, -8155, -8131, -8107, -8068, -7947, -7912, -7891, -7683, -7555, -7492, -7291, -7267, -7228, -7155, -7107, -6987, -6963, -6955, -6931, -6843, -6832, -6787, -6715, -6675, -6643, -6603, -6507, -6483, -6472, -6448, -6372, -6363, -6352, -6283, -6267, -6235, -6232, -6220, -6187, -6028, -5868, -5835, -5811, -5800, -5787, -5763, -5755, -5740, -5728, -5644, -5643, -5635, -5595, -5548, -5523, -5427, -5395, -5371, -5307, -5299, -5275, -5259, -5188, -5155, -5140, -5128, -5035, -5032, -5020, -4995, -4972, -4963, -4947, -4923, -4908, -4907, -4888, -4827, -4795, -4792, -4771, -4768, -4755, -4708, -4699, -4675, -4648, -4635, -4587, -4563, -4555, -4552, -4531, -4491, -4467, -4432, -4411, -4360, -4347, -4291, -4288, -4272, -4192, -4168, -4155, -4152, -4147, -4132, -4120, -4108, -4107, -4035, -4012, -3972, -3955, -3952, -3915, -3892, -3880, -3835, -3820, -3796, -3768, -3760, -3747, -3723, -3700, -3675, -3672, -3652, -3619, -3592, -3483, -3475, -3459, -3451, -3424, -3411, -3387, -3348, -3312, -3304, -3268, -3267, -3256, -3252, -3232, -3208, -3180, -3115, -3100, -3075, -3052, -3048, -3043, -3027, -3012, -2992, -2979, -2955, -2920, -2892, -2872, -2867, -2860, -2835, -2808, -2800, -2795, -2763, -2752, -2748, -2740, -2728, -2723, -2704, -2692, -2680, -2676, -2668, -2635, -2627, -2620, -2619, -2595, -2592, -2555, -2548, -2547, -2512, -2508, -2491, -2488, -2472, -2468, -2440, -2424, -2412, -2388, -2387, -2380, -2355, -2352, -2268, -2260, -2235, -2220, -2200, -2172, -2160, -2155, -2148, -2132, -2116, -2104, -2091, -2068, -2052, -2028, -1984, -1972, -1971, -1968, -1960, -1955, -1936, -1932, -1908, -1900, -1899, -1892, -1888, -1840, -1812, -1807, -1800, -1763, -1755, -1744, -1740, -1732, -1728, -1720, -1696, -1668, -1620, -1584, -1572, -1548, -1547, -1539, -1515, -1512, -1491, -1480, -1475, -1472, -1464, -1456, -1452, -1420, -1419, -1404, -1392, -1371, -1368, -1355, -1336, -1308, -1300, -1296, -1292, -1272, -1260, -1255, -1251, -1236, -1235, -1216, -1208, -1200, -1188, -1176, -1164, -1144, -1116, -1100, -1096, -1080, -1067, -1044, -1036, -1020, -1011, -996, -984, -980, -976, -964, -948, -936, -932, -924, -888, -876, -864, -848, -816, -812, -804, -800, -780, -775, -756, -755, -744, -731, -728, -704, -696, -687, -684, -680, -655, -620, -608, -567, -560, -543, -516, -464, -440, -416, -356, -351, -327, -279, -255, -231]
h = 13 count = 43
[-20563, -16963, -15787, -14347, -12043, -11923, -11827, -11587, -11467, -9739, -9547, -8572, -7963, -7243, -6619, -5779, -5419, -5347, -4643, -4507, -4003, -3691, -3083, -2963, -2908, -2659, -2524, -2428, -2371, -2143, -2131, -1907, -1667, -1499, -1451, -1052, -1019, -764, -727, -631, -607, -263, -191]
h = 14 count = 134
[-30067, -27547, -23083, -21547, -20923, -20227, -18643, -18547, -18187, -16867, -16083, -14203, -13707, -13603, -13483, -13435, -13027, -12787, -12667, -12147, -11323, -11227, -10467, -10411, -10363, -10315, -10123, -9427, -9340, -9235, -9172, -9115, -8899, -8611, -8187, -8035, -7915, -7792, -7443, -7408, -7203, -7147, -7099, -7067, -6979, -6568, -6523, -6499, -6388, -6108, -5971, -5812, -5723, -5608, -5547, -5488, -5283, -5267, -5251, -5091, -5043, -5027, -4948, -4803, -4732, -4659, -4468, -4459, -4443, -4315, -4203, -4187, -3988, -3867, -3715, -3707, -3579, -3568, -3364, -3352, -3228, -3227, -3211, -3112, -2932, -2931, -2812, -2779, -2612, -2571, -2556, -2536, -2507, -2427, -2416, -2335, -2259, -2171, -2147, -2140, -2123, -2044, -2008, -1883, -1859, -1851, -1816, -1788, -1715, -1564, -1527, -1403, -1396, -1352, -1211, -1183, -1148, -1136, -1112, -899, -860, -807, -703, -692, -639, -596, -536, -535, -511, -447, -404, -391, -287, -215]
h = 15 count = 95
[-34483, -32323, -29947, -27883, -26203, -22003, -20707, -19867, -19387, -18523, -18043, -17923, -17467, -16843, -16603, -15907, -15643, -15187, -14851, -14827, -14323, -13963, -13147, -12763, -12163, -11971, -11083, -10732, -10723, -10651, -10588, -10459, -10267, -10243, -9907, -9388, -9043, -8812, -8779, -8707, -8467, -7547, -7468, -7459, -7219, -6988, -6892, -6571, -6268, -6211, -6091, -6067, -5987, -5827, -5563, -5323, -5308, -5227, -5003, -4492, -4219, -4204, -4099, -3803, -3788, -3571, -3331, -3148, -3004, -2956, -2843, -2764, -2732, -2699, -2647, -2476, -2284, -2243, -2092, -1772, -1756, -1619, -1567, -1427, -1388, -1327, -1259, -971, -956, -908, -751, -716, -524, -439, -239]
h = 16 count = 531
[-35275, -31243, -28963, -27787, -27307, -25267, -25027, -24403, -23587, -23395, -22843, -22243, -21835, -21715, -21403, -20395, -20155, -19987, -19947, -19747, -19363, -19195, -19147, -18907, -18883, -18748, -18715, -18403, -17515, -17427, -17347, -17323, -17227, -16723, -16555, -16531, -16347, -16195, -16192, -16027, -15715, -15547, -15403, -15387, -15067, -14995, -14848, -14763, -14707, -14547, -14403, -14371, -14155, -14008, -13995, -13827, -13819, -13795, -13792, -13563, -13507, -13363, -13323, -13288, -13195, -13192, -13123, -13083, -12915, -12868, -12859, -12835, -12772, -12747, -12699, -12688, -12595, -12523, -12483, -12427, -12387, -12352, -12259, -12252, -12160, -12027, -11995, -11872, -11848, -11715, -11635, -11572, -11563, -11523, -11515, -11512, -11368, -11328, -11203, -11187, -11179, -11152, -11107, -11092, -11067, -10963, -10948, -10843, -10803, -10635, -10587, -10563, -10528, -10420, -10387, -10312, -10227, -10203, -10195, -10168, -10132, -9955, -9867, -9835, -9763, -9640, -9595, -9568, -9508, -9507, -9483, -9472, -9412, -9387, -9328, -9243, -9232, -9219, -9208, -9108, -9088, -9027, -8992, -8968, -8955, -8932, -8859, -8848, -8835, -8715, -8683, -8680, -8643, -8635, -8595, -8548, -8547, -8515, -8512, -8452, -8380, -8352, -8320, -8308, -8299, -8283, -8083, -8080, -8052, -8043, -8008, -7995, -7968, -7932, -7923, -7843, -7828, -7819, -7795, -7780, -7755, -7747, -7707, -7672, -7648, -7588, -7579, -7540, -7491, -7480, -7456, -7395, -7392, -7368, -7347, -7315, -7312, -7288, -7275, -7252, -7195, -7168, -7120, -7072, -7051, -7035, -7008, -7003, -6952, -6948, -6923, -6868, -6867, -6840, -6820, -6792, -6771, -6747, -6708, -6688, -6628, -6627, -6612, -6595, -6580, -6532, -6528, -6475, -6435, -6420, -6400, -6395, -6355, -6328, -6315, -6312, -6208, -6195, -6160, -6148, -6123, -6112, -6099, -6052, -6040, -6027, -6003, -5995, -5992, -5952, -5908, -5907, -5896, -5883, -5860, -5848, -5752, -5712, -5688, -5668, -5632, -5572, -5520, -5491, -5475, -5460, -5440, -5428, -5412, -5403, -5392, -5380, -5363, -5355, -5328, -5280, -5248, -5208, -5195, -5187, -5160, -5152, -5115, -5112, -5008, -4992, -4984, -4971, -4960, -4939, -4932, -4900, -4899, -4851, -4816, -4804, -4788, -4740, -4720, -4712, -4687, -4683, -4680, -4672, -4636, -4624, -4612, -4608, -4600, -4596, -4516, -4515, -4512, -4488, -4480, -4452, -4440, -4427, -4420, -4379, -4368, -4324, -4312, -4275, -4260, -4251, -4240, -4228, -4216, -4188, -4180, -4179, -4171, -4128, -4096, -4092, -4068, -4060, -4043, -4032, -4020, -4008, -3976, -3939, -3900, -3844, -3840, -3832, -3828, -3819, -3808, -3795, -3784, -3772, -3752, -3732, -3648, -3640, -3616, -3612, -3603, -3600, -3588, -3580, -3556, -3555, -3531, -3528, -3520, -3492, -3480, -3472, -3460, -3443, -3435, -3432, -3420, -3408, -3400, -3379, -3363, -3360, -3339, -3336, -3328, -3280, -3220, -3196, -3195, -3192, -3171, -3168, -3160, -3144, -3140, -3136, -3108, -3072, -3063, -3060, -2980, -2952, -2944, -2940, -2928, -2884, -2880, -2868, -2848, -2811, -2772, -2760, -2739, -2691, -2688, -2652, -2640, -2628, -2584, -2580, -2568, -2560, -2528, -2520, -2499, -2496, -2464, -2448, -2436, -2400, -2379, -2356, -2340, -2331, -2328, -2320, -2312, -2304, -2296, -2292, -2280, -2256, -2244, -2236, -2232, -2211, -2208, -2195, -2192, -2176, -2112, -2100, -2095, -2072, -2056, -2048, -2040, -2019, -2016, -2004, -1983, -1980, -1924, -1920, -1884, -1876, -1872, -1860, -1824, -1808, -1776, -1764, -1716, -1680, -1656, -1640, -1636, -1628, -1624, -1608, -1596, -1595, -1568, -1560, -1536, -1520, -1508, -1504, -1476, -1440, -1416, -1412, -1400, -1379, -1344, -1280, -1232, -1224, -1220, -1159, -1140, -1139, -1104, -1088, -1056, -1047, -1040, -1028, -1023, -1016, -1015, -992, -975, -943, -903, -896, -895, -884, -855, -799, -740, -735, -663, -656, -644, -584, -559, -495, -471, -407, -399]
h = 17 count = 50
[-37123, -36523, -33427, -31627, -27763, -26107, -26083, -25243, -24907, -23563, -21067, -19963, -18307, -17827, -17788, -16699, -14947, -14779, -14083, -13627, -12907, -11443, -11251, -9883, -8731, -8539, -7883, -7132, -6907, -6827, -6652, -6451, -6379, -6203, -5483, -4651, -4547, -4447, -4339, -3964, -3947, -3323, -2531, -1783, -1663, -1571, -1532, -1091, -991, -383]
h = 18 count = 291
[-48427, -47107, -43387, -41827, -40987, -39307, -36667, -34507, -34027, -33763, -32827, -31507, -29467, -28147, -26707, -26587, -25435, -25083, -24787, -24667, -24523, -24187, -24067, -23923, -23683, -23467, -23347, -22947, -22768, -22675, -22507, -22443, -22267, -22075, -21907, -21667, -21652, -21627, -21043, -20827, -20547, -20035, -19651, -19123, -19027, -18712, -18283, -18027, -17635, -17403, -17392, -17131, -17035, -16627, -16387, -16300, -16171, -16123, -16075, -15243, -15115, -15052, -15043, -14932, -14667, -14515, -14512, -14227, -14172, -14163, -14128, -14092, -14067, -13987, -13947, -13867, -13747, -13708, -13675, -13387, -13315, -13227, -13168, -12952, -12940, -12811, -12723, -12651, -12283, -12235, -12187, -12148, -12123, -12067, -11992, -11907, -11851, -11692, -11683, -11643, -11608, -11419, -11188, -11148, -10827, -10683, -10523, -10347, -10288, -10264, -10252, -10228, -10060, -9963, -9832, -9772, -9748, -9747, -9683, -9627, -9612, -9563, -9531, -9211, -9132, -9123, -8908, -8884, -8752, -8668, -8667, -8587, -8507, -8488, -8427, -8403, -8331, -8212, -8203, -8188, -8152, -8092, -8019, -7984, -7852, -7827, -7803, -7771, -7732, -7715, -7708, -7675, -7660, -7587, -7571, -7528, -7452, -7372, -7339, -7323, -7075, -6939, -6835, -6811, -6748, -6739, -6723, -6700, -6484, -6412, -6387, -6331, -6252, -6227, -6196, -6076, -6075, -6064, -5899, -5872, -5832, -5539, -5532, -5492, -5476, -5464, -5452, -5388, -5315, -5296, -5292, -5260, -5224, -5068, -5067, -4912, -4883, -4876, -4860, -4828, -4819, -4812, -4779, -4588, -4568, -4540, -4528, -4428, -4419, -4396, -4332, -4307, -4300, -4299, -4236, -4131, -4072, -4067, -3888, -3852, -3771, -3724, -3699, -3688, -3651, -3564, -3544, -3543, -3468, -3376, -3372, -3340, -3184, -3179, -3132, -3107, -3084, -3051, -3035, -2988, -2916, -2891, -2888, -2859, -2828, -2747, -2716, -2700, -2675, -2644, -2344, -2315, -2300, -2291, -2228, -2224, -2167, -2124, -2108, -2076, -2075, -2060, -2051, -2047, -2023, -1944, -1927, -1863, -1836, -1804, -1712, -1691, -1687, -1644, -1519, -1448, -1383, -1356, -1340, -1328, -1215, -1207, -1172, -1135, -944, -783, -679, -575, -527, -519, -335]
h = 19 count = 59
[-38707, -37507, -31123, -29803, -27043, -26227, -24763, -23203, -22108, -21283, -21211, -21187, -19507, -17683, -17539, -17308, -17299, -17011, -16747, -16363, -15331, -15091, -14428, -13852, -13372, -11299, -10891, -9619, -8971, -8923, -8419, -7324, -6859, -6803, -6172, -5659, -5527, -5147, -5059, -4327, -4252, -4139, -4019, -3676, -3607, -3467, -3463, -3343, -2459, -2339, -2099, -1831, -1543, -1436, -1244, -1063, -919, -359, -311]
h = 20 count = 502
[-58843, -58507, -54763, -51643, -48763, -48283, -47083, -43747, -40723, -40555, -40363, -40243, -39403, -39187, -38875, -38347, -37867, -37843, -37627, -36283, -35995, -35875, -35683, -34435, -33163, -33147, -32923, -32715, -31987, -31747, -31483, -31003, -30787, -30283, -29203, -29107, -28555, -28483, -27987, -27955, -27003, -26923, -26827, -26755, -26635, -26275, -25363, -25123, -24963, -24747, -24355, -24283, -24147, -23947, -23875, -23443, -22723, -22603, -22555, -22467, -22387, -21883, -21763, -21723, -21595, -21508, -21387, -21307, -21268, -21267, -21235, -21123, -21091, -21088, -20883, -20755, -20683, -20587, -20203, -20083, -19923, -19875, -19827, -19555, -19492, -19443, -19420, -19408, -19083, -19000, -18475, -18363, -18355, -18232, -18195, -18163, -18067, -17907, -17875, -17763, -17643, -17563, -17488, -17368, -17275, -17187, -17067, -16923, -16915, -16803, -16707, -16683, -16648, -16612, -16515, -16507, -16483, -16435, -16408, -16395, -16228, -16147, -16060, -15955, -15892, -15883, -15763, -15723, -15712, -15691, -15688, -15603, -15523, -15507, -15475, -15355, -15268, -15235, -15192, -14883, -14875, -14788, -14787, -14755, -14659, -14620, -14491, -14467, -14331, -14307, -14275, -14268, -14032, -13960, -13875, -13803, -13651, -13648, -13588, -13555, -13552, -13528, -13468, -13243, -13155, -13000, -12963, -12955, -12931, -12883, -12712, -12603, -12587, -12532, -12499, -12472, -12468, -12467, -12412, -12363, -12355, -12331, -12328, -12315, -12280, -12139, -12112, -12028, -12019, -11955, -11947, -11932, -11883, -11875, -11860, -11755, -11659, -11539, -11428, -11427, -11412, -11395, -11379, -11355, -11344, -11320, -11272, -11163, -11104, -10972, -10888, -10875, -10819, -10564, -10552, -10515, -10507, -10443, -10308, -10299, -10291, -10171, -10155, -10108, -10107, -10083, -10035, -10027, -10000, -9979, -9976, -9948, -9892, -9808, -9795, -9755, -9732, -9691, -9688, -9628, -9592, -9571, -9459, -9443, -9363, -9339, -9331, -9195, -9160, -9147, -9124, -9051, -8995, -8988, -8920, -8875, -8808, -8755, -8712, -8692, -8656, -8632, -8608, -8500, -8491, -8472, -8404, -8355, -8307, -8296, -8292, -8251, -8128, -8067, -7939, -7924, -7900, -7876, -7875, -7851, -7848, -7720, -7667, -7659, -7651, -7635, -7624, -7611, -7572, -7548, -7467, -7432, -7428, -7240, -7227, -7192, -7171, -7163, -7144, -7131, -7096, -7092, -7083, -7060, -7044, -7032, -7012, -7011, -7000, -6875, -6856, -6808, -6780, -6768, -6755, -6752, -6736, -6724, -6712, -6651, -6648, -6640, -6592, -6504, -6467, -6339, -6304, -6292, -6280, -6219, -6171, -6168, -6139, -6136, -6088, -6051, -6000, -5988, -5980, -5968, -5956, -5955, -5944, -5776, -5731, -5715, -5592, -5571, -5560, -5536, -5512, -5500, -5499, -5368, -5352, -5332, -5331, -5268, -5148, -5139, -5104, -5092, -5080, -5072, -5056, -5052, -5044, -5028, -5019, -4891, -4875, -4855, -4848, -4840, -4763, -4756, -4731, -4728, -4707, -4660, -4572, -4548, -4539, -4500, -4475, -4408, -4403, -4395, -4392, -4371, -4355, -4284, -4264, -4235, -4148, -4036, -4024, -4015, -4011, -4000, -3979, -3971, -3908, -3875, -3872, -3755, -3748, -3708, -3684, -3668, -3664, -3655, -3567, -3515, -3512, -3496, -3488, -3395, -3367, -3320, -3288, -3275, -3219, -3155, -3152, -3131, -3124, -3103, -3099, -3096, -3076, -3016, -3008, -3007, -3000, -2987, -2983, -2948, -2904, -2896, -2844, -2743, -2724, -2712, -2664, -2656, -2603, -2596, -2552, -2544, -2532, -2527, -2487, -2483, -2460, -2407, -2404, -2360, -2288, -2247, -2136, -2000, -1975, -1956, -1952, -1940, -1928, -1904, -1896, -1887, -1880, -1820, -1796, -1748, -1739, -1695, -1652, -1604, -1592, -1544, -1524, -1495, -1460, -1376, -1375, -1287, -1284, -1263, -1184, -1160, -1143, -1124, -1071, -1064, -927, -920, -836, -824, -776, -711, -615, -455]
h = 21 count = 118
[-61483, -59467, -58963, -55603, -52627, -51283, -49603, -46027, -44683, -40483, -39043, -36187, -36067, -35323, -34963, -34147, -32803, -31963, -28867, -28723, -28387, -27427, -26683, -25603, -23827, -23692, -23227, -22963, -22588, -22483, -22027, -21379, -20947, -20428, -19819, -19531, -19483, -18979, -18427, -18412, -17971, -17707, -17107, -16987, -16339, -15628, -15427, -14563, -14419, -13723, -13339, -13291, -13171, -12748, -12547, -12268, -12107, -12076, -11731, -11068, -10828, -10771, -10067, -10012, -9868, -9859, -9811, -9187, -9091, -9004, -8747, -8716, -8627, -8387, -8332, -8243, -8171, -8123, -8059, -8044, -7948, -7907, -7148, -6691, -6508, -6323, -6092, -5932, -5867, -5851, -5647, -5011, -4691, -4684, -4652, -4523, -4283, -3452, -3436, -3371, -3308, -3244, -3011, -2972, -2819, -2767, -2579, -2503, -2348, -2012, -1931, -1868, -1724, -1004, -863, -743, -503, -431]
h = 22 count = 184
[-85507, -77683, -53827, -49723, -47923, -47587, -46363, -44923, -43723, -41083, -35443, -35347, -34387, -34003, -33667, -33643, -32572, -32092, -31315, -30867, -30235, -30123, -29827, -29635, -29227, -28827, -28267, -27619, -26548, -26323, -25963, -25843, -25507, -25387, -24508, -24427, -24243, -22987, -22747, -22627, -22587, -22579, -21532, -20848, -20403, -20392, -20308, -19672, -19315, -19243, -18987, -18835, -18267, -18243, -18115, -17947, -17779, -17587, -17147, -16459, -16291, -16283, -16251, -16243, -15832, -15563, -15472, -15208, -14812, -14635, -14587, -14548, -14179, -14059, -14019, -13672, -13467, -12867, -12604, -12403, -12115, -12091, -11979, -11763, -11740, -11668, -11547, -11452, -11363, -11283, -11260, -11035, -10851, -10708, -10648, -10579, -10492, -10435, -10051, -9496, -9304, -9267, -9052, -8915, -8907, -8860, -8851, -8728, -8659, -8371, -8143, -8023, -7899, -7768, -7763, -7612, -7403, -7396, -7235, -7179, -6819, -6772, -6616, -6556, -6364, -6243, -6127, -6019, -6012, -5972, -5931, -5819, -5739, -5716, -5603, -5416, -5383, -4811, -4668, -4667, -4504, -4456, -4444, -4336, -4328, -4163, -4115, -4084, -3827, -3703, -3587, -3563, -3516, -3484, -3316, -3151, -3068, -3032, -2935, -2863, -2815, -2672, -2648, -2623, -2492, -2435, -2364, -2263, -2216, -2215, -1903, -1639, -1591, -1556, -1503, -1304, -1167, -1111, -1076, -879, -871, -767, -623, -591]
h = 23 count = 78
[-90787, -47947, -45523, -45427, -43003, -42667, -41203, -40867, -40627, -37003, -35107, -34843, -32467, -31267, -31147, -30187, -28843, -27283, -26947, -26812, -26251, -25939, -25579, -25147, -24043, -22531, -22171, -21163, -21019, -20899, -20443, -20323, -19132, -18379, -17851, -17203, -16267, -15451, -15388, -15307, -13187, -13099, -12739, -12203, -10883, -10867, -10684, -9931, -9587, -7043, -6703, -6659, -6563, -5884, -5788, -5531, -5507, -5387, -5116, -4783, -4412, -4211, -4156, -3923, -3847, -3539, -3491, -2671, -2588, -2411, -1979, -1811, -1471, -1447, -1279, -1103, -1039, -647]
h = 24 count = 1042
[-111763, -86227, -84547, -84043, -79363, -64267, -63043, -62203, -62155, -61147, -60883, -60523, -57523, -56947, -55867, -54307, -52915, -52123, -51667, -50395, -50323, -49987, -49387, -49267, -49107, -48547, -47707, -47443, -47203, -46795, -46267, -46243, -46195, -45787, -45115, -44947, -44443, -44163, -43483, -43267, -42835, -42427, -42387, -42267, -42163, -42067, -41728, -41563, -41035, -40747, -40195, -40147, -39787, -39715, -39643, -39603, -39292, -38907, -38467, -38443, -38227, -37675, -37563, -37555, -37227, -36883, -36763, -36723, -36675, -36547, -36043, -36003, -35667, -34923, -34827, -34675, -34587, -34363, -34203, -33883, -33867, -33187, -33067, -32992, -32883, -32643, -32635, -32547, -32307, -32272, -32155, -32043, -32008, -31948, -31915, -31795, -31707, -31683, -31648, -31579, -31563, -31348, -31252, -31075, -30979, -30955, -30907, -30843, -30739, -30675, -30667, -30523, -30475, -30387, -30363, -30163, -30088, -29968, -29923, -29835, -29755, -29668, -29659, -29563, -29395, -29323, -29283, -29187, -29128, -29115, -28912, -28891, -28747, -28459, -28435, -28372, -28347, -28315, -28243, -28072, -27907, -27652, -27643, -27523, -27475, -27448, -27435, -27328, -27267, -27163, -27115, -27027, -26995, -26803, -26728, -26643, -26475, -26467, -26427, -26395, -26307, -26187, -26163, -26035, -25987, -25972, -25923, -25915, -25888, -25803, -25795, -25792, -25755, -25732, -25707, -25683, -25675, -25488, -25467, -25408, -25347, -25300, -25228, -25195, -25180, -25155, -25075, -25048, -24955, -24952, -24928, -24915, -24880, -24843, -24643, -24628, -24627, -24595, -24507, -24451, -24435, -24388, -24315, -24292, -24123, -24115, -24112, -24003, -23995, -23907, -23788, -23752, -23643, -23472, -23368, -23307, -23275, -23235, -23200, -23188, -23115, -23107, -23067, -23035, -23032, -22995, -22960, -22939, -22912, -22867, -22852, -22828, -22803, -22635, -22576, -22348, -22339, -22323, -22275, -22212, -22192, -22180, -22107, -22072, -22059, -21988, -21987, -21963, -21868, -21747, -21603, -21483, -21448, -21443, -21400, -21352, -21172, -21112, -20995, -20980, -20955, -20932, -20803, -20763, -20752, -20728, -20692, -20659, -20560, -20512, -20491, -20427, -20355, -20332, -20307, -20260, -20128, -20080, -20043, -19915, -19912, -19888, -19803, -19768, -19632, -19627, -19587, -19579, -19552, -19528, -19468, -19467, -19372, -19300, -19275, -19251, -19203, -19188, -19168, -19075, -19072, -19035, -19012, -18988, -18915, -18868, -18867, -18832, -18811, -18795, -18792, -18763, -18667, -18628, -18627, -18603, -18595, -18592, -18579, -18571, -18568, -18507, -18340, -18208, -18148, -18132, -18088, -18075, -18052, -18040, -18012, -17955, -17928, -17908, -17843, -17812, -17787, -17752, -17728, -17700, -17668, -17667, -17620, -17595, -17572, -17560, -17548, -17523, -17440, -17395, -17292, -17283, -17235, -17152, -17092, -17088, -17068, -17059, -17043, -17032, -17028, -16948, -16907, -16900, -16888, -16872, -16827, -16795, -16780, -16768, -16675, -16672, -16632, -16608, -16587, -16563, -16528, -16492, -16480, -16468, -16443, -16432, -16360, -16315, -16252, -16227, -16219, -16132, -16107, -16072, -16048, -15988, -15987, -15940, -15931, -15888, -15867, -15852, -15843, -15828, -15808, -15768, -15748, -15747, -15675, -15652, -15640, -15595, -15579, -15568, -15555, -15532, -15528, -15520, -15483, -15460, -15411, -15372, -15339, -15280, -15267, -15184, -15148, -15147, -15123, -15112, -15075, -15072, -15040, -15019, -14980, -14968, -14952, -14931, -14907, -14872, -14835, -14800, -14715, -14688, -14632, -14611, -14608, -14595, -14555, -14539, -14536, -14532, -14523, -14508, -14427, -14392, -14380, -14368, -14308, -14292, -14283, -14260, -14235, -14212, -14200, -14043, -14035, -14028, -13923, -13915, -13912, -13780, -13732, -13699, -13696, -13668, -13612, -13611, -13587, -13540, -13539, -13531, -13512, -13444, -13427, -13420, -13395, -13392, -13348, -13300, -13275, -13260, -13252, -13248, -13216, -13132, -13080, -13072, -13060, -13035, -13024, -13008, -12987, -12972, -12928, -12891, -12888, -12852, -12832, -12820, -12808, -12760, -12720, -12675, -12628, -12555, -12552, -12508, -12507, -12435, -12420, -12408, -12400, -12376, -12292, -12267, -12243, -12208, -12195, -12192, -12100, -12083, -12075, -12072, -12048, -12012, -11988, -11980, -11968, -11928, -11908, -11880, -11835, -11812, -11811, -11788, -11752, -11748, -11691, -11680, -11667, -11656, -11628, -11627, -11620, -11603, -11568, -11488, -11475, -11440, -11403, -11308, -11307, -11275, -11267, -11235, -11232, -11211, -11208, -11200, -11176, -11139, -11115, -11032, -11020, -11019, -11011, -11008, -10992, -10971, -10960, -10923, -10912, -10900, -10872, -10860, -10852, -10840, -10816, -10792, -10788, -10780, -10768, -10756, -10740, -10728, -10720, -10704, -10699, -10672, -10668, -10632, -10612, -10600, -10516, -10488, -10480, -10452, -10444, -10395, -10392, -10372, -10368, -10360, -10355, -10348, -10339, -10323, -10283, -10275, -10248, -10212, -10200, -10192, -10187, -10180, -10179, -10152, -10120, -10068, -10059, -10048, -10032, -10011, -9972, -9952, -9940, -9928, -9916, -9915, -9900, -9891, -9888, -9872, -9828, -9823, -9804, -9760, -9723, -9715, -9700, -9696, -9676, -9675, -9672, -9652, -9648, -9603, -9580, -9555, -9552, -9520, -9492, -9480, -9451, -9432, -9408, -9395, -9384, -9379, -9352, -9347, -9315, -9300, -9292, -9288, -9268, -9259, -9228, -9220, -9112, -9100, -9083, -9075, -9072, -9048, -9040, -9028, -8979, -8892, -8883, -8880, -8836, -8820, -8800, -8772, -8763, -8760, -8740, -8688, -8652, -8640, -8628, -8619, -8603, -8592, -8556, -8528, -8499, -8475, -8464, -8460, -8451, -8428, -8416, -8392, -8388, -8379, -8344, -8328, -8272, -8268, -8260, -8236, -8235, -8211, -8208, -8200, -8148, -8140, -8115, -8112, -8100, -8088, -8075, -7980, -7972, -7960, -7936, -7928, -7888, -7872, -7840, -7800, -7788, -7779, -7764, -7756, -7744, -7728, -7704, -7668, -7632, -7620, -7600, -7568, -7563, -7560, -7552, -7531, -7515, -7512, -7419, -7371, -7360, -7348, -7332, -7320, -7308, -7300, -7272, -7260, -7248, -7212, -7200, -7188, -7180, -7128, -7108, -7084, -7048, -6976, -6972, -6960, -6928, -6924, -6916, -6912, -6904, -6888, -6880, -6795, -6784, -6760, -6732, -6699, -6672, -6664, -6636, -6604, -6588, -6579, -6555, -6552, -6540, -6531, -6480, -6468, -6460, -6411, -6348, -6340, -6336, -6300, -6295, -6288, -6251, -6216, -6192, -6180, -6132, -6120, -6100, -6084, -6083, -6072, -6048, -6024, -6008, -6004, -5979, -5963, -5940, -5928, -5920, -5915, -5888, -5859, -5856, -5828, -5824, -5808, -5772, -5768, -5748, -5747, -5700, -5699, -5691, -5680, -5652, -5628, -5620, -5616, -5588, -5580, -5568, -5555, -5508, -5472, -5448, -5432, -5404, -5400, -5379, -5356, -5348, -5344, -5320, -5284, -5252, -5243, -5236, -5235, -5232, -5219, -5211, -5200, -5196, -5184, -5172, -5168, -5124, -5100, -5088, -5076, -5075, -5040, -5016, -4968, -4944, -4936, -4920, -4872, -4864, -4832, -4808, -4800, -4780, -4764, -4752, -4744, -4715, -4704, -4692, -4656, -4632, -4620, -4595, -4580, -4576, -4564, -4536, -4524, -4508, -4503, -4464, -4400, -4384, -4356, -4320, -4308, -4292, -4248, -4232, -4212, -4200, -4176, -4172, -4144, -4140, -4104, -4080, -4063, -4059, -3996, -3984, -3980, -3960, -3948, -3940, -3936, -3924, -3920, -3916, -3912, -3904, -3899, -3891, -3876, -3864, -3856, -3816, -3792, -3780, -3756, -3744, -3728, -3720, -3696, -3660, -3620, -3604, -3560, -3552, -3540, -3504, -3456, -3444, -3392, -3332, -3300, -3276, -3264, -3248, -3240, -3216, -3204, -3200, -3128, -3127, -3120, -3064, -3059, -3036, -3024, -2976, -2964, -2915, -2912, -2900, -2856, -2852, -2824, -2820, -2816, -2784, -2780, -2736, -2720, -2696, -2695, -2660, -2604, -2600, -2484, -2480, -2479, -2432, -2420, -2408, -2376, -2372, -2316, -2240, -2223, -2219, -2196, -2184, -2168, -2156, -2064, -1988, -1856, -1815, -1760, -1743, -1736, -1704, -1700, -1664, -1647, -1615, -1580, -1575, -1484, -1424, -1407, -1351, -1316, -1196, -1191, -1127, -999, -759, -695]
h = 25 count = 101
[-93307, -89083, -85243, -80347, -69763, -68443, -66763, -64747, -63067, -62563, -61027, -59707, -57787, -57667, -57283, -55147, -54667, -51907, -50227, -49123, -48787, -45763, -44563, -39163, -38803, -37963, -37747, -37363, -36307, -34939, -34651, -34171, -34123, -33091, -32587, -32563, -32443, -32203, -30643, -30427, -30403, -30307, -29443, -28771, -28627, -28603, -28123, -27091, -27067, -26371, -25747, -24571, -24091, -22012, -21859, -21787, -21739, -21523, -21499, -21323, -21107, -20347, -20092, -19891, -19699, -19267, -18211, -17483, -15619, -14923, -14011, -12979, -12451, -12379, -12211, -11867, -11548, -11243, -11131, -11059, -10099, -9923, -9227, -8179, -8011, -7411, -7307, -7283, -7187, -5843, -5503, -5468, -5023, -4787, -3851, -2887, -2396, -1916, -1367, -599, -479]
h = 26 count = 227
[-103027, -82987, -79963, -79123, -79027, -70387, -69547, -68707, -68107, -68083, -65683, -64243, -62707, -60547, -58723, -57115, -56323, -56107, -55003, -52603, -51547, -51115, -51067, -50803, -50563, -50107, -48115, -46603, -45907, -45571, -45208, -42907, -42547, -42172, -41787, -41707, -41683, -41347, -41332, -40828, -40027, -38635, -38427, -38035, -37291, -37108, -36628, -35947, -35907, -35707, -35403, -35368, -35043, -34972, -34288, -33688, -33532, -32947, -31843, -31651, -30571, -30507, -28939, -28699, -28507, -28312, -28003, -27988, -27747, -27483, -27388, -27139, -26968, -26667, -26515, -26392, -25723, -25699, -25099, -24819, -24715, -24619, -24163, -24027, -23731, -23523, -23515, -23512, -23419, -23323, -23272, -22891, -22771, -22315, -21928, -21643, -21363, -20635, -20467, -20299, -20067, -19828, -19732, -19707, -19563, -19419, -19171, -19099, -19003, -18771, -18723, -18484, -18472, -18019, -17896, -17704, -17371, -17163, -17128, -17083, -16828, -16372, -16307, -16179, -15835, -15819, -15612, -15592, -15448, -15412, -15379, -15027, -15003, -14987, -14963, -14488, -14452, -13939, -13864, -13787, -13492, -13491, -13459, -13308, -13059, -13011, -12715, -12571, -11787, -11747, -11632, -11499, -11435, -11416, -11356, -11292, -11236, -11048, -10907, -10543, -10408, -10307, -10207, -10096, -9987, -9771, -9712, -9707, -9468, -9448, -9171, -9107, -8872, -8843, -8788, -8743, -8691, -8408, -8383, -8339, -8003, -7156, -6964, -6940, -6891, -6876, -6847, -6676, -6587, -6515, -6443, -6059, -5891, -5524, -5435, -5123, -4988, -4739, -4376, -4244, -4208, -4207, -4052, -3992, -3903, -3804, -3736, -3611, -3368, -3327, -3092, -3056, -2984, -2839, -2823, -2792, -2771, -2651, -2367, -2204, -1832, -1735, -1719, -1256, -1247, -951, -551]
h = 27 count = 136
[-103387, -98443, -89923, -86923, -79627, -78787, -71947, -69427, -61987, -58027, -57163, -53923, -53323, -52387, -52147, -51043, -49627, -48163, -45667, -45532, -45403, -45259, -44587, -44059, -42643, -42508, -42403, -40387, -38923, -38083, -36787, -36268, -35212, -35083, -34603, -34252, -33547, -33403, -33331, -30892, -30763, -30139, -29683, -29347, -29131, -28219, -28099, -27532, -27259, -27211, -27052, -26347, -25867, -25771, -25708, -24172, -24028, -23899, -23131, -22291, -22147, -22123, -21772, -20107, -19948, -19843, -19683, -19612, -19603, -19427, -19051, -18892, -18859, -18787, -18587, -17932, -17747, -17659, -17627, -17452, -17443, -16972, -16547, -16411, -16108, -15772, -15739, -15107, -14723, -14572, -14243, -14188, -13411, -13228, -13084, -13036, -12652, -11939, -11779, -11491, -11383, -11212, -11027, -11003, -10939, -10531, -8867, -8748, -8012, -7996, -7699, -7516, -7036, -6428, -6316, -6011, -6007, -5596, -5164, -4924, -4903, -4748, -3943, -3932, -3299, -3271, -2252, -1999, -1964, -1879, -1759, -1676, -1607, -1399, -1231, -983]
h = 28 count = 623
[-126043, -113107, -107083, -106723, -96163, -93163, -82867, -77707, -77443, -76987, -75475, -73747, -73627, -73123, -72787, -72403, -72163, -70315, -70267, -69283, -68755, -66427, -66235, -65443, -63603, -63547, -63403, -62923, -61747, -60355, -59403, -58195, -57883, -57403, -57187, -56707, -56683, -56347, -56275, -56035, -55363, -54475, -54283, -53755, -53683, -53587, -53307, -53188, -53155, -52867, -52507, -52483, -52243, -51507, -51187, -51027, -50275, -50187, -50083, -49963, -49867, -49795, -49732, -48955, -48147, -47755, -47403, -46915, -46627, -46347, -45963, -45243, -45147, -45123, -45112, -44803, -44707, -44515, -44467, -44452, -44419, -44347, -44227, -44107, -43492, -43432, -43363, -43243, -42883, -42763, -42595, -41995, -41899, -41763, -41587, -41427, -41395, -41155, -41043, -40843, -40603, -40315, -40107, -39867, -39748, -39747, -39379, -39355, -39208, -38872, -38683, -38523, -38395, -38355, -38203, -38179, -37723, -37683, -37603, -37468, -37387, -37360, -37315, -37195, -37048, -37027, -36907, -36835, -36712, -36688, -36595, -36499, -36427, -36403, -36147, -35827, -35755, -35203, -35163, -35128, -34987, -34771, -34627, -34323, -33835, -33715, -33555, -33483, -33451, -33412, -33387, -33363, -33307, -33243, -33195, -33115, -33027, -32932, -32755, -32515, -32347, -32227, -32187, -32068, -32035, -31603, -31480, -31467, -31443, -31432, -31168, -31035, -31012, -30883, -30835, -30691, -30451, -30355, -30243, -30115, -30027, -29995, -29752, -29632, -29275, -29155, -29043, -28995, -28923, -28795, -28792, -28707, -28683, -28660, -28659, -28515, -28363, -28155, -28060, -27931, -27892, -27835, -27715, -27603, -27580, -27451, -27187, -27171, -26763, -26692, -26632, -26611, -26443, -26440, -26272, -26152, -26068, -25552, -25491, -25459, -25348, -25323, -25051, -25012, -24987, -24772, -24739, -24568, -24555, -24483, -24432, -24412, -24363, -24307, -24235, -24139, -24052, -23908, -23851, -23755, -23739, -23667, -23608, -23548, -23508, -23452, -23403, -23332, -23248, -22795, -22683, -22563, -22548, -22432, -22408, -22219, -22203, -21955, -21952, -21891, -21795, -21688, -21651, -21475, -21427, -21355, -21208, -21052, -20920, -20872, -20787, -20667, -20603, -20595, -20548, -20488, -20472, -20275, -20259, -20152, -20059, -19795, -19792, -19611, -19539, -19459, -19435, -19323, -19131, -19128, -19107, -18955, -18931, -18928, -18852, -18843, -18747, -18683, -18483, -18435, -18372, -18328, -18292, -18280, -18235, -18172, -18139, -18123, -18099, -17992, -17883, -17872, -17755, -17592, -17571, -17532, -17332, -17259, -17243, -17179, -17155, -17139, -17116, -16955, -16947, -16891, -16852, -16840, -16755, -16732, -16731, -16668, -16635, -16564, -16312, -16248, -15952, -15928, -15915, -15880, -15499, -15492, -15435, -15352, -15348, -15323, -15211, -15195, -15124, -15108, -15100, -15051, -14920, -14803, -14772, -14712, -14692, -14644, -14643, -14568, -14272, -14248, -14232, -14152, -14147, -14140, -14123, -14116, -14115, -13948, -13899, -13828, -13731, -13720, -13624, -13579, -13476, -13456, -13408, -13396, -13347, -13115, -13108, -13107, -13051, -12912, -12819, -12755, -12728, -12691, -12627, -12563, -12520, -12448, -12443, -12388, -12348, -12340, -12291, -12228, -12196, -12168, -12088, -11892, -11859, -11764, -11728, -11720, -11652, -11595, -11531, -11524, -11248, -11147, -11128, -11064, -11044, -11012, -10947, -10936, -10899, -10835, -10812, -10555, -10539, -10448, -10428, -10371, -10332, -10235, -10224, -10219, -10144, -10140, -10131, -10036, -10008, -9988, -9947, -9939, -9827, -9820, -9784, -9752, -9724, -9699, -9664, -9651, -9604, -9528, -9515, -9499, -9436, -9367, -9256, -9080, -9032, -8952, -8868, -8723, -8660, -8596, -8584, -8560, -8508, -8440, -8435, -8376, -8232, -8220, -8176, -8132, -8099, -8091, -8072, -8032, -8028, -8027, -7816, -7787, -7740, -7731, -7716, -7636, -7592, -7539, -7427, -7420, -7384, -7379, -7352, -7299, -7264, -7204, -7152, -7100, -7028, -7015, -6915, -6895, -6844, -6812, -6788, -6707, -6680, -6539, -6520, -6492, -6456, -6436, -6424, -6347, -6308, -6276, -6275, -6260, -6256, -6248, -6228, -6155, -6103, -6035, -5916, -5892, -5887, -5863, -5844, -5820, -5764, -5656, -5627, -5619, -5604, -5584, -5556, -5496, -5451, -5436, -5408, -5384, -5364, -5340, -5263, -5244, -5176, -4955, -4824, -4776, -4628, -4611, -4592, -4571, -4544, -4543, -4532, -4448, -4404, -4383, -4380, -4344, -4279, -4183, -4167, -4116, -4056, -4040, -3995, -3848, -3775, -3740, -3731, -3636, -3624, -3608, -3576, -3572, -3535, -3487, -3440, -3419, -3396, -3380, -3324, -3272, -3224, -3087, -2768, -2744, -2703, -2616, -2607, -2583, -2564, -2535, -2455, -2431, -2384, -2359, -2324, -2144, -2127, -2120, -2055, -2024, -2007, -1976, -1935, -1855, -1775, -1711, -1703, -1623, -1616, -1496, -1479, -1455, -1364, -1359, -1335, -1311, -1095, -935, -831]
h = 29 count = 94
[-166147, -134227, -128923, -110947, -101467, -101203, -97843, -95803, -95467, -93283, -87523, -83227, -78163, -76003, -74827, -73243, -71563, -68947, -66523, -66067, -65827, -65587, -65563, -61363, -58147, -55243, -51307, -49747, -47563, -46507, -45307, -43867, -42043, -37339, -35803, -35731, -35452, -35227, -34819, -34267, -32971, -32299, -31387, -31051, -30748, -29723, -29587, -28828, -28403, -25523, -24859, -23251, -23059, -22972, -22051, -20507, -20483, -18076, -17491, -16427, -15859, -15467, -15443, -15292, -15227, -15139, -14387, -14332, -13883, -13763, -12323, -9532, -9323, -9244, -9148, -8963, -8863, -7687, -7643, -7207, -6947, -5743, -5051, -4519, -4451, -3823, -3659, -3583, -3548, -2939, -2383, -2311, -2287, -887]
h = 30 count = 473
[-137083, -134467, -131107, -125227, -121003, -107947, -104203, -101875, -100963, -97267, -96427, -91483, -89035, -88603, -88267, -87067, -85915, -84403, -82747, -82027, -81643, -80875, -80203, -79003, -78747, -76707, -76267, -75667, -75067, -74947, -73987, -73003, -72067, -71635, -70987, -70723, -70107, -69883, -68203, -67923, -67747, -67267, -67243, -67147, -67075, -66907, -66187, -65083, -64915, -64843, -64563, -64003, -63163, -62875, -62043, -61315, -60747, -60307, -60283, -59683, -58675, -57688, -57003, -55372, -55323, -55075, -55027, -54883, -53883, -53692, -53467, -53035, -52987, -52843, -52723, -51811, -51571, -51003, -50667, -50443, -50152, -49483, -49443, -49435, -48715, -48643, -48379, -48043, -48003, -47875, -47611, -47347, -47227, -46963, -46923, -46675, -46467, -45043, -45027, -44907, -44323, -43915, -43843, -43828, -43675, -43123, -43075, -42963, -42928, -42715, -42352, -42235, -41932, -41875, -41803, -41323, -41163, -40891, -40588, -40003, -39907, -39523, -38587, -38563, -38539, -38515, -38043, -37552, -37459, -37228, -37147, -36747, -36619, -36163, -36052, -35883, -35788, -35635, -35515, -35248, -35179, -34915, -34792, -34708, -34467, -34411, -34315, -34243, -34227, -34092, -33859, -33832, -33468, -33043, -32908, -32875, -32419, -32212, -32107, -31803, -31411, -30715, -30508, -30331, -29932, -29908, -29872, -29787, -29740, -29619, -29548, -29452, -29212, -29083, -29067, -29011, -28648, -28563, -28492, -28348, -28323, -28107, -28075, -27952, -27843, -27688, -27627, -27568, -27403, -27227, -27112, -26875, -26668, -26563, -26140, -25947, -25852, -25827, -25768, -25627, -25612, -25587, -25531, -25483, -25072, -25036, -24883, -24835, -24707, -24588, -24460, -24347, -24291, -24088, -23811, -23803, -23787, -23763, -23707, -23704, -23675, -23500, -23363, -23212, -23179, -22915, -22707, -22696, -22668, -22667, -22612, -22444, -22427, -22411, -22060, -21748, -21592, -21232, -21003, -20971, -20875, -20812, -20779, -20652, -20524, -20419, -20371, -20283, -20248, -20188, -20187, -20179, -19771, -19675, -19660, -19636, -19339, -19252, -19156, -18739, -18635, -18508, -18387, -18331, -18316, -18107, -18091, -17968, -17740, -17691, -17500, -17428, -17307, -17075, -16908, -16875, -16819, -16816, -16552, -16403, -16348, -16332, -16323, -16099, -16024, -16011, -15979, -15976, -15964, -15948, -15891, -15508, -15436, -15363, -15244, -15228, -15152, -14971, -14899, -14884, -14732, -14668, -14571, -14540, -14499, -14267, -14068, -13924, -13891, -13876, -13771, -13756, -13643, -13500, -13443, -13423, -13379, -13371, -13336, -13164, -13096, -13075, -13067, -12947, -12892, -12875, -12843, -12700, -12592, -12588, -12568, -12556, -12492, -12436, -12364, -12244, -12219, -12016, -12003, -11944, -11899, -11824, -11771, -11611, -11596, -11532, -11500, -11371, -11331, -11291, -11123, -11075, -11056, -10928, -10908, -10763, -10611, -10572, -10571, -10403, -10396, -10300, -10092, -10072, -10043, -10019, -9904, -9899, -9452, -9411, -9364, -9276, -9251, -9212, -9196, -9136, -9076, -9019, -8948, -8764, -8739, -8675, -8604, -8483, -8368, -8367, -8284, -8267, -8259, -8172, -7971, -7835, -7692, -7576, -7564, -7500, -7340, -7303, -7276, -7116, -7115, -7088, -7087, -7024, -6828, -6728, -6635, -6572, -6535, -6488, -6463, -6459, -6444, -6419, -6291, -6107, -5912, -5724, -5675, -5579, -5552, -5047, -5000, -4979, -4859, -4835, -4716, -4700, -4696, -4460, -4375, -4276, -4087, -4028, -3991, -3824, -3807, -3692, -3632, -3500, -3439, -3404, -3375, -3284, -3260, -3223, -3212, -3188, -3175, -3116, -2864, -2796, -2727, -2708, -2684, -2599, -2575, -2540, -2444, -2319, -2303, -2264, -2191, -2151, -2096, -2071, -2036, -1844, -1431, -1175, -1007, -815, -671]
h = 31 count = 83
[-133387, -124987, -117307, -104827, -104707, -102547, -92467, -89563, -89107, -81547, -81283, -76603, -76123, -75307, -73483, -72307, -71443, -70627, -67867, -66883, -63667, -61843, -56827, -56467, -55987, -54748, -52027, -51787, -48883, -48523, -47452, -46867, -44851, -43987, -42571, -42307, -41539, -41227, -39883, -39667, -38851, -35491, -34588, -32363, -32083, -30556, -28051, -24979, -24691, -20611, -19804, -19219, -18803, -17987, -16636, -15923, -14908, -14731, -14627, -13687, -13219, -13043, -12923, -12347, -11863, -11708, -10427, -9203, -8647, -7639, -6491, -6131, -5651, -4951, -4159, -3779, -3727, -3644, -3251, -2927, -2876, -911, -719]
h = 32 count = 1231
[-164803, -159307, -156643, -136843, -130123, -124195, -123403, -122683, -120187, -119947, -115147, -110443, -105835, -105763, -104083, -97483, -94963, -94627, -91947, -91795, -91267, -90883, -89947, -89347, -88627, -87763, -87283, -86683, -85963, -83923, -82555, -82243, -81907, -81403, -80067, -78115, -77995, -77947, -76867, -76843, -76323, -76195, -75835, -74992, -74803, -74683, -74635, -74523, -74347, -73843, -73803, -73723, -73315, -73027, -72867, -72187, -71883, -71467, -71395, -71323, -70603, -69843, -69595, -69139, -69115, -68803, -67963, -67827, -67603, -67587, -67483, -67323, -67195, -67123, -66595, -66243, -65668, -65395, -65307, -65275, -64947, -64768, -64387, -64227, -63883, -63427, -62395, -62307, -62283, -62227, -62107, -61963, -61275, -60907, -60643, -60475, -60292, -60187, -60123, -60027, -60019, -59563, -59392, -59371, -59203, -59187, -58987, -58888, -58795, -58468, -58387, -58123, -58083, -58003, -57907, -57835, -57715, -57555, -57387, -57043, -56995, -56851, -56803, -56763, -56667, -56587, -56155, -56083, -56067, -56032, -55672, -55507, -55315, -55267, -55168, -54723, -54712, -54595, -54427, -54363, -54147, -53995, -53947, -53635, -53523, -53515, -53475, -53227, -53152, -52795, -52768, -52683, -52003, -51843, -51748, -51592, -51475, -51472, -51403, -51363, -51163, -51088, -50968, -50955, -50752, -50347, -50283, -50043, -49912, -49588, -49515, -49408, -49252, -49203, -49147, -49008, -48931, -48640, -48475, -48328, -48267, -47803, -47595, -47539, -47523, -47488, -47392, -47323, -47307, -47188, -47163, -46852, -46755, -46600, -46483, -46468, -46288, -46132, -46083, -46048, -45843, -45747, -45595, -45508, -45472, -45312, -45283, -45235, -44787, -44731, -44608, -44368, -44275, -44251, -44115, -44067, -44020, -43803, -43795, -43792, -43587, -43563, -43555, -43507, -43435, -43323, -43275, -43147, -42843, -42723, -42627, -42603, -42568, -42408, -42232, -42211, -42148, -42123, -42112, -41923, -41883, -41848, -41680, -41547, -41475, -41308, -41275, -41248, -40803, -40755, -40672, -40552, -40528, -40467, -40443, -40267, -40227, -40132, -39964, -39955, -39928, -39843, -39835, -39547, -39483, -39460, -39435, -39427, -39411, -39235, -39067, -39027, -38995, -38955, -38883, -38787, -38643, -38595, -38560, -38403, -38308, -38283, -38272, -38248, -38152, -38131, -38032, -37947, -37888, -37828, -37795, -37755, -37732, -37720, -37648, -37587, -37515, -37492, -37312, -37240, -37107, -37083, -36955, -36928, -36915, -36832, -36808, -36772, -36507, -36472, -36432, -36387, -36363, -36355, -36352, -36348, -36115, -35968, -35872, -35848, -35763, -35728, -35587, -35547, -35512, -35467, -35427, -35392, -35380, -35155, -35035, -34947, -34840, -34755, -34720, -34707, -34699, -34692, -34612, -34552, -34539, -34420, -34312, -34192, -34099, -34083, -34048, -34035, -33988, -33987, -33915, -33808, -33787, -33768, -33748, -33672, -33603, -33595, -33592, -33523, -33520, -33475, -33408, -33352, -33283, -33280, -33235, -33232, -33028, -33019, -32995, -32788, -32740, -32683, -32523, -32488, -32475, -32403, -32395, -32355, -32320, -32260, -32235, -32208, -32032, -31947, -31872, -31867, -31728, -31515, -31395, -31312, -31291, -31227, -31120, -31032, -30987, -30963, -30760, -30723, -30688, -30627, -30595, -30592, -30580, -30552, -30547, -30435, -30388, -30352, -30340, -30328, -30195, -30160, -30100, -30083, -30043, -29971, -29920, -29892, -29883, -29859, -29824, -29779, -29731, -29707, -29667, -29643, -29572, -29568, -29547, -29523, -29512, -29472, -29428, -29380, -29352, -29248, -29152, -29008, -28900, -28840, -28803, -28788, -28732, -28708, -28672, -28587, -28548, -28480, -28443, -28308, -28288, -28275, -28260, -28227, -28203, -28132, -28120, -28083, -28032, -28011, -27867, -27832, -27811, -27808, -27792, -27784, -27723, -27707, -27595, -27472, -27412, -27379, -27363, -27360, -27339, -27280, -27268, -27220, -27195, -27168, -27028, -26980, -26955, -26931, -26908, -26832, -26788, -26787, -26772, -26752, -26712, -26523, -26512, -26488, -26448, -26320, -26268, -26128, -26115, -26112, -26020, -25960, -25883, -25851, -25680, -25651, -25608, -25600, -25563, -25540, -25480, -25443, -25419, -25315, -25312, -25291, -25248, -25187, -25092, -24931, -24868, -24832, -24808, -24795, -24712, -24640, -24603, -24592, -24475, -24472, -24448, -24267, -24259, -24211, -24208, -24168, -24160, -24035, -24004, -23979, -23968, -23956, -23944, -23892, -23848, -23835, -23808, -23795, -23772, -23688, -23668, -23640, -23632, -23620, -23584, -23499, -23475, -23440, -23392, -23380, -23299, -23283, -23268, -23187, -23155, -23140, -23123, -23043, -23028, -23008, -22971, -22848, -22792, -22763, -22752, -22740, -22672, -22632, -22600, -22547, -22528, -22515, -22488, -22456, -22435, -22420, -22372, -22363, -22360, -22332, -22288, -22276, -22227, -22155, -22152, -22132, -22083, -22080, -21939, -21912, -21867, -21840, -21828, -21771, -21760, -21736, -21712, -21648, -21619, -21571, -21568, -21555, -21528, -21520, -21435, -21340, -21315, -21312, -21288, -21256, -21243, -21147, -21120, -21115, -21099, -21028, -21027, -20992, -20988, -20907, -20892, -20868, -20860, -20832, -20811, -20808, -20772, -20740, -20715, -20643, -20640, -20608, -20539, -20475, -20448, -20379, -20356, -20344, -20315, -20267, -20251, -20235, -20232, -20163, -20148, -20131, -20091, -20068, -20032, -20020, -20008, -20003, -19995, -19992, -19972, -19968, -19936, -19924, -19908, -19840, -19812, -19755, -19728, -19720, -19635, -19608, -19600, -19560, -19411, -19380, -19320, -19299, -19272, -19264, -19240, -19227, -19216, -19152, -19108, -19068, -19011, -18995, -18963, -18960, -18952, -18880, -18848, -18808, -18760, -18720, -18688, -18676, -18648, -18588, -18580, -18544, -18532, -18531, -18496, -18448, -18432, -18408, -18400, -18384, -18323, -18315, -18291, -18259, -18228, -18219, -18180, -18064, -18048, -17995, -17980, -17963, -17952, -17920, -17899, -17880, -17808, -17795, -17760, -17731, -17688, -17680, -17656, -17608, -17524, -17472, -17451, -17355, -17340, -17296, -17284, -17272, -17248, -17220, -17208, -17115, -17112, -17080, -17040, -16996, -16995, -16960, -16912, -16899, -16864, -16835, -16779, -16776, -16752, -16720, -16692, -16660, -16548, -16512, -16504, -16467, -16452, -16440, -16419, -16388, -16384, -16368, -16275, -16272, -16240, -16212, -16203, -16155, -16128, -16080, -16051, -16043, -16035, -16032, -16020, -16008, -15939, -15912, -15904, -15827, -15796, -15771, -15736, -15635, -15627, -15600, -15580, -15515, -15400, -15376, -15360, -15328, -15315, -15312, -15304, -15288, -15232, -15220, -15171, -15136, -15099, -15088, -15048, -15035, -15028, -15008, -14928, -14859, -14820, -14795, -14760, -14728, -14716, -14652, -14592, -14584, -14560, -14475, -14464, -14448, -14424, -14400, -14395, -14388, -14355, -14352, -14344, -14320, -14299, -14280, -14259, -14224, -14112, -14100, -14088, -14080, -14020, -13988, -13972, -13968, -13920, -13908, -13888, -13860, -13848, -13840, -13812, -13755, -13752, -13748, -13728, -13715, -13683, -13680, -13632, -13600, -13572, -13560, -13515, -13475, -13440, -13432, -13344, -13332, -13312, -13307, -13272, -13180, -13120, -13048, -12988, -12948, -12880, -12840, -12828, -12804, -12803, -12796, -12792, -12784, -12768, -12708, -12672, -12664, -12660, -12640, -12616, -12600, -12580, -12576, -12560, -12544, -12488, -12432, -12424, -12411, -12288, -12240, -12232, -12180, -12171, -12132, -12084, -12052, -12051, -12040, -12035, -11963, -11940, -11920, -11832, -11808, -11796, -11784, -11776, -11760, -11739, -11712, -11592, -11571, -11536, -11520, -11472, -11460, -11451, -11400, -11392, -11388, -11387, -11380, -11332, -11316, -11284, -11268, -11195, -11172, -11160, -11140, -11100, -11091, -11088, -11040, -10980, -10968, -10932, -10920, -10868, -10836, -10824, -10755, -10752, -10744, -10731, -10696, -10660, -10628, -10620, -10619, -10608, -10560, -10547, -10532, -10512, -10468, -10419, -10404, -10356, -10336, -10327, -10320, -10276, -10272, -10251, -10240, -10115, -10112, -10084, -10080, -10052, -10024, -9991, -9984, -9960, -9912, -9880, -9860, -9856, -9848, -9816, -9792, -9780, -9768, -9744, -9736, -9731, -9600, -9588, -9579, -9544, -9540, -9460, -9435, -9424, -9400, -9372, -9360, -9348, -9316, -9312, -9291, -9280, -9275, -9252, -9248, -9240, -9216, -9192, -9184, -9168, -9156, -9144, -9120, -9087, -9060, -9024, -9016, -8987, -8980, -8976, -8944, -8931, -8928, -8891, -8832, -8824, -8811, -8795, -8776, -8768, -8704, -8612, -8580, -8568, -8555, -8536, -8520, -8448, -8400, -8340, -8288, -8224, -8195, -8192, -8184, -8164, -8160, -8136, -8064, -8040, -8020, -8016, -7956, -7920, -7896, -7844, -7832, -7812, -7772, -7752, -7696, -7688, -7680, -7644, -7595, -7536, -7504, -7488, -7475, -7464, -7440, -7380, -7296, -7232, -7208, -7183, -7176, -7140, -7104, -7068, -7059, -7056, -6995, -6900, -6864, -6727, -6720, -6692, -6683, -6660, -6624, -6600, -6567, -6560, -6544, -6512, -6496, -6440, -6432, -6408, -6392, -6384, -6360, -6272, -6244, -6240, -6204, -6144, -6080, -6032, -6016, -5943, -5904, -5880, -5852, -5796, -5795, -5784, -5760, -5736, -5720, -5704, -5664, -5648, -5640, -5600, -5583, -5544, -5376, -5336, -5335, -5256, -5247, -5223, -5220, -5215, -5192, -5120, -5064, -5012, -4996, -4980, -4964, -4956, -4928, -4896, -4884, -4880, -4868, -4767, -4647, -4584, -4560, -4495, -4476, -4416, -4352, -4340, -4335, -4296, -4224, -4160, -4112, -4100, -4088, -4064, -3968, -3895, -3812, -3679, -3663, -3584, -3536, -3476, -3428, -3384, -3295, -3247, -3236, -3207, -3199, -3164, -3156, -3080, -2996, -2960, -2847, -2840, -2775, -2655, -2624, -2576, -2343, -2336, -2276, -2180, -2084, -1943, -1911, -1784, -1767, -1551, -1463, -1239, -1119, -791]